0 77 nypp Precinct
1 84         8426.16704
1 7         8064.72472
1 5         4791.15317
5 9         5236.98082
5 1         4791.15317
5 7         3676.60776
6 10         6155.20922
6 9         5908.74776
6 13         5219.21898
7 84         7636.50715
7 9         3947.59213
7 5         3676.60776
9 5         5236.98082
9 7         3947.59213
9 13         4299.74878
10 18         6557.26122
10 6         6155.20922
10 14          4071.0984
13 6         5219.21898
13 9         4299.74878
13 14         5153.12357
14 17         4444.96843
14 18         4143.98989
14 10          4071.0984
17 13         6071.74548
17 18          5824.7314
17 14         4444.96843
18 20         5936.17039
18 17          5824.7314
18 14         4143.98989
19 23         7481.85272
19 20         7376.34861
19 22         4326.80785
20 24         6729.73448
20 18         5936.17039
20 22          4608.9769
22 24         4947.09742
22 20          4608.9769
22 19         4326.80785
23 22         6631.13316
23 28         5214.39523
23 25         4388.66937
24 26         6719.25371
24 28          6209.8867
24 22         4947.09742
25 40         6471.82948
25 28         6408.83613
25 23         4388.66937
26 30         5750.48536
26 32         5700.66693
26 28         3454.16542
28 32         6057.00476
28 23         5214.39523
28 26         3454.16542
30 33         6016.91561
30 26         5750.48536
30 32         3495.21863
32 28         6057.00476
32 26         5700.66693
32 30         3495.21863
33 32         7947.82639
33 44         6051.03328
33 30         6016.91561
34 44         10446.9187
34 33         8498.65047
34 46         5918.15792
40 41         7996.48433
40 32         7358.98687
40 25         6471.82948
41 43         8350.54452
41 40         7996.48433
41 42         7583.51474
42 41         7583.51474
42 48         7008.61626
42 44         6148.01893
43 49         11624.7743
43 42         10659.8006
43 41         8350.54452
44 46         7567.08342
44 42         6148.01893
44 33         6051.03328
45 47         16995.8334
45 43         15193.6439
45 49         10557.7677
46 44         7567.08342
46 48         6162.27795
46 34         5918.15792
47 50         13461.7257
47 52         12029.1868
47 49         11244.0644
48 42         7008.61626
48 46         6162.27795
48 52         6018.46933
49 45         10557.7677
49 52         9769.01547
49 48         9646.63822
50 47         13461.7257
50 34         13289.6218
50 52         10273.3689
52 49         9769.01547
52 46         8117.78255
52 48         6018.46933
60 66         18430.0363
60 61         10420.2363
60 62         10194.8753
61 62          13231.061
61 63         11914.5416
61 60         10420.2363
62 60         10194.8753
62 68          10133.491
62 66         9207.47586
63 67          16131.151
63 69         10997.3476
63 61         11914.5416
66 62         9207.47586
66 72         9038.96893
66 70         6706.42925
67 73         9692.20609
67 70         9174.52685
67 71         6488.54727
68 72         12159.6322
68 66         11528.3635
68 62          10133.491
69 67         12531.5279
69 75         11762.3832
69 63         10997.3476
70 71         11773.5343
70 67         9174.52685
70 66         6706.42925
71 78         8654.87654
71 67         6488.54727
71 77         4127.45535
72 76         9952.44241
72 78         9231.73223
72 66         9038.96893
73 77         9659.90962
73 75         9278.33568
73 81         8160.92005
75 106         12577.4576
75 69         11762.3832
75 73         9278.33568
76 72         9952.44241
76 78         8138.00885
76 84         6926.10655
77 81         6054.17075
77 79         5669.88906
77 71         4127.45535
78 88         8709.63484
78 71         8654.87654
78 76         8138.00885
79 88         6011.67395
79 77         5669.88906
79 81         5662.70857
81 77         6054.17075
81 79         5662.70857
81 83         4741.58958
83 104          9392.9991
83 79         9176.23296
83 81         4741.58958
84 7         7636.50715
84 88         5194.07437
84 76         6926.10655
88 78         8709.63484
88 79         6011.67395
88 84         5194.07437
90 88         8781.96648
90 79         7119.47419
90 94         5977.40115
94 9         9893.15511
94 108         8854.36317
94 90         5977.40115
100 101         25715.8075
100 69         21213.1958
100 63         17823.1581
101 106         31604.3787
101 100         25715.8075
101 113         22764.7124
102 104         14545.0162
102 106         10203.8614
102 112         9762.59834
103 113         15451.8789
103 105         13700.7194
103 107         8770.49361
104 108         14079.1032
104 112         12077.8681
104 83          9392.9991
105 107         19280.8137
105 113         18699.8161
105 103         13700.7194
106 113         14576.2451
106 102         10203.8614
106 75         12577.4576
107 111         15332.3653
107 112         14578.4914
107 103         8770.49361
108 90         13305.9957
108 114         11020.4711
108 94         8854.36317
109 115         17109.0211
109 111         16539.9047
109 110         15932.0527
110 104         14698.5459
110 115          8259.7346
110 112         8221.09141
111 103         20679.1169
111 109         16539.9047
111 107         15332.3653
112 104         12077.8681
112 110         8221.09141
112 102         9762.59834
113 105         18699.8161
113 103         15451.8789
113 106         14576.2451
114 108         11020.4711
114 115         10914.1848
114 25         10668.0775
115 108         15272.6021
115 114         10914.1848
115 110          8259.7346
120 121         20502.4103
120 68          20270.187
120 122         18908.8577
121 123         27783.0739
121 120         20502.4103
121 122         18025.9999
122 123         28697.5047
122 120         18908.8577
122 121         18025.9999
123 120          44297.875
123 122         28697.5047
123 121         27783.0739
